0,1,2,
3,4,5,
6,7,8,
9,10,11,
12,13,14,
15,16,17,
18,19,20,
21,22,23,
24,25,26,
27,28,29,
30,31,32,
33,34,35,
36,37,38,
39,40,41,
42,43,44,
45,46,47,
48,49,50,
51,52,53,
54,55,56,
54,56,57,
57,58,54,
56,59,57,
57,59,60,
60,59,61,
61,62,60,
63,62,61,
64,65,66,
66,67,64,
68,67,66,
69,68,66,
70,68,69,
64,67,71,
71,67,68,
71,68,72,
73,64,71,
74,73,71,
74,71,72,
74,75,73,
70,76,68,
68,76,72,
77,76,70,
72,76,77,
70,78,77,
79,75,74,
79,80,75,
79,81,80,
81,82,80,
82,81,83,
74,72,84,
74,84,79,
78,85,77,
86,85,78,
87,85,86,
87,88,85,
89,88,87,
89,90,88,
77,85,91,
85,88,91,
88,90,92,
91,88,92,
92,90,93,
77,94,72,
91,94,77,
72,95,84,
94,95,72,
79,84,96,
95,96,84,
92,93,97,
97,93,98,
98,99,97,
92,100,91,
97,100,92,
91,101,94,
94,101,95,
91,100,101,
101,100,102,
101,103,95,
103,96,95,
102,103,101,
104,79,96,
103,104,96,
104,81,79,
97,99,105,
97,105,100,
102,100,106,
100,105,106,
105,107,106,
106,107,102,
108,105,99,
105,108,107,
108,99,109,
110,108,109,
110,111,108,
108,111,107,
111,110,112,
112,110,113,
113,114,112,
115,114,113,
116,114,115,
117,114,116,
112,114,117,
116,118,117,
117,118,119,
119,118,120,
117,121,112,
119,121,117,
120,122,119,
123,121,119,
120,124,122,
125,111,112,
112,121,125,
126,121,123,
125,121,126,
123,127,126,
128,111,125,
126,128,125,
107,111,128,
129,128,126,
107,128,129,
130,129,126,
131,107,129,
131,129,130,
102,107,131,
102,131,130,
102,130,132,
103,102,132,
133,132,130,
103,132,133,
133,104,103,
134,104,133,
134,81,104,
134,135,81,
81,135,136,
83,81,136,
136,137,83,
136,138,137,
124,138,136,
139,124,136,
136,135,139,
122,124,139,
140,122,139,
135,140,139,
141,140,135,
142,143,144,
145,143,142,
142,146,145,
147,146,142,
147,148,146,
149,150,151,
151,150,152,
153,151,152,
152,150,154,
152,155,153,
156,152,154,
157,155,152,
157,152,156,
158,159,160,
160,159,161,
160,161,162,
159,163,161,
159,164,163,
161,163,165,
162,161,165,
163,166,165,
165,167,162,
162,167,168,
167,169,168,
167,170,169,
171,172,173,
173,172,174,
173,174,175,
172,176,174,
177,176,172,
177,178,176,
176,178,179,
179,178,180,
174,176,181,
179,181,176,
174,182,175,
181,182,174,
175,182,183,
183,182,181,
175,183,184,
185,181,179,
186,185,179,
181,185,187,
187,183,181,
183,188,184,
187,188,183,
184,188,189,
189,188,187,
190,191,192,
193,192,191,
193,191,194,
195,194,191,
195,191,196,
195,196,197,
198,197,196,
198,199,197,
200,201,202,
203,202,201,
203,201,204,
201,205,204,
206,204,205,
203,207,202,
203,204,207,
207,204,208,
207,209,202,
207,210,209,
206,211,204,
204,211,208,
212,211,206,
213,210,207,
213,207,208,
213,214,210,
213,208,214,
215,210,214,
216,215,214,
216,217,215,
216,218,217,
219,218,216,
219,220,218,
221,220,219,
216,214,222,
219,216,222,
221,219,223,
219,222,223,
221,223,224,
224,223,225,
224,225,226,
227,226,225,
228,225,223,
228,223,222,
227,225,229,
229,225,228,
229,230,227,
231,222,214,
231,214,208,
232,222,231,
228,222,232,
233,231,208,
232,231,233,
233,208,234,
208,211,234,
234,211,235,
212,235,211,
236,235,212,
237,236,212,
236,237,238,
239,233,234,
234,235,239,
240,232,233,
239,240,233,
235,241,239,
236,241,235,
241,240,239,
228,232,242,
240,242,232,
236,238,243,
244,243,238,
245,243,244,
245,246,243,
228,242,247,
248,247,242,
229,228,247,
248,229,247,
249,229,248,
229,249,230,
250,230,249,
250,249,248,
250,251,230,
251,250,252,
251,252,253,
254,253,252,
254,255,253,
254,256,255,
254,257,256,
254,252,257,
258,256,257,
258,257,259,
258,259,260,
261,257,252,
261,259,257,
262,260,259,
246,260,262,
261,263,259,
246,262,264,
246,264,243,
262,265,264,
266,243,264,
265,266,264,
265,267,266,
266,236,243,
266,268,236,
236,268,241,
241,268,269,
241,269,240,
270,240,269,
242,240,270,
270,269,271,
272,242,270,
272,270,271,
248,242,272,
273,272,271,
248,272,273,
273,271,274,
275,248,273,
275,273,274,
250,248,275,
250,275,276,
275,274,276,
250,276,252,
261,252,276,
261,276,274,
261,274,263,
277,263,274,
278,279,280,
278,281,279,
282,279,281,
282,283,279,
284,283,282,
285,286,287,
285,287,288,
285,288,289,
287,290,288,
288,291,289,
292,288,290,
288,293,291,
292,293,288,
294,295,296,
294,296,297,
297,296,298,
297,298,299,
297,300,294,
299,300,297,
300,301,294,
299,302,300,
303,304,305,
303,305,306,
306,305,307,
308,303,306,
308,309,303,
310,309,308,
311,310,308,
312,310,311,
308,306,313,
308,313,311,
314,306,307,
314,313,306,
314,307,315,
314,315,313,
315,307,316,
311,313,317,
318,311,317,
317,313,319,
315,319,313,
320,315,316,
320,319,315,
320,316,321,
320,321,319,
322,323,324,
322,325,323,
325,322,326,
325,327,323,
327,328,323,
325,326,329,
329,327,325,
327,330,328,
328,330,331,
332,331,330,
333,329,326,
333,326,334,
333,334,335,
333,335,336,
336,337,333,
333,337,329,
336,338,337,
329,339,327,
330,327,339,
337,338,340,
340,338,341,
337,342,329,
342,339,329,
343,337,340,
343,342,337,
340,344,343,
342,343,344,
340,341,345,
340,345,344,
345,341,346,
342,347,339,
342,344,347,
348,347,344,
339,347,349,
330,339,349,
349,347,348,
346,350,345,
350,344,345,
330,349,351,
332,330,351,
352,351,349,
348,352,349,
351,353,332,
352,353,351,
354,332,353,
354,353,355,
352,355,353,
355,356,354,
350,346,357,
357,346,358,
350,359,344,
348,344,359,
360,359,350,
360,350,357,
359,360,348,
348,361,352,
352,361,355,
362,356,355,
362,363,356,
362,364,363,
365,362,355,
364,362,365,
365,355,361,
366,364,365,
357,358,367,
360,357,367,
368,361,348,
360,368,348,
365,369,366,
369,370,366,
370,369,371,
365,361,372,
372,369,365,
372,361,368,
369,373,371,
372,373,369,
372,368,373,
371,373,374,
373,375,374,
376,375,373,
376,373,368,
376,377,375,
360,378,368,
376,368,378,
360,367,378,
376,379,377,
378,379,376,
378,367,379,
380,377,379,
358,379,367,
381,380,379,
358,381,379,
382,383,384,
385,382,384,
386,382,385,
387,385,384,
384,388,387,
389,386,385,
387,389,385,
387,388,390,
390,388,391,
387,390,392,
387,392,389,
393,390,391,
392,390,393,
391,394,393,
392,393,395,
392,395,389,
395,396,389,
389,396,386,
396,397,386,
386,397,398,
398,397,399,
398,399,400,
399,401,400,
400,401,402,
402,401,403,
403,401,404,
403,404,405,
403,405,406,
407,408,409,
408,410,409,
411,412,413,
411,414,412,
415,414,411,
415,411,416,
417,415,416,
418,412,414,
418,414,415,
419,412,418,
417,420,415,
420,417,421,
420,421,422,
423,420,422,
423,415,420,
424,423,422,
425,423,424,
425,424,426,
427,415,423,
423,425,427,
426,428,425,
427,425,428,
426,429,428,
419,418,430,
419,430,431,
432,418,415,
427,432,415,
418,433,430,
432,433,418,
431,430,434,
434,430,433,
431,434,435,
436,432,427,
433,432,436,
427,428,437,
436,427,437,
436,437,438,
436,438,439,
433,436,439,
434,433,439,
440,428,429,
440,437,428,
429,441,440,
429,442,441,
443,441,442,
444,434,439,
439,438,444,
440,445,437,
445,438,437,
446,445,440,
446,440,441,
446,438,445,
443,447,441,
448,447,443,
449,447,448,
447,449,450,
447,450,441,
449,451,450,
441,450,452,
441,452,446,
446,452,453,
446,453,454,
446,454,438,
455,450,451,
455,452,450,
453,452,455,
456,455,451,
455,456,457,
453,455,457,
453,457,458,
459,453,458,
453,460,454,
460,438,454,
459,461,453,
453,461,460,
462,461,459,
462,459,463,
463,464,462,
464,465,462,
466,461,462,
465,466,462,
466,460,461,
465,467,466,
435,466,467,
460,468,438,
468,444,438,
469,460,466,
469,468,460,
435,469,466,
444,468,469,
435,470,469,
444,469,470,
470,435,434,
444,470,434,
471,472,473,
472,474,473,
472,475,474,
474,476,473,
477,473,476,
475,478,474,
478,476,474,
477,476,479,
477,479,480,
479,476,481,
481,476,478,
479,482,480,
479,481,482,
483,480,482,
482,481,484,
484,481,478,
485,484,478,
485,478,475,
475,486,485,
487,486,475,
486,487,488,
488,487,489,
490,488,489,
490,489,491,
490,491,492,
490,492,493,
494,493,492,
494,492,495,
496,497,498,
499,496,498,
500,501,502,
503,501,500,
504,501,503,
505,506,507,
505,508,506,
505,509,508,
510,511,512,
512,511,513,
514,512,513,
511,515,513,
515,514,513,
511,516,515,
517,514,515,
518,514,517,
516,519,515,
517,515,519,
520,519,516,
520,521,519,
521,522,519,
523,517,519,
519,522,523,
521,524,522,
525,524,521,
522,524,526,
523,522,526,
527,524,525,
524,527,526,
528,527,525,
529,527,528,
528,530,529,
529,530,531,
526,527,532,
529,532,527,
533,529,531,
533,532,529,
534,533,531,
533,535,532,
523,526,536,
537,536,526,
537,538,536,
537,535,538,
539,523,536,
536,538,539,
539,517,523,
534,540,533,
533,540,535,
541,540,534,
535,540,541,
535,541,538,
542,541,534,
541,542,543,
538,541,543,
543,544,538,
543,542,545,
545,544,543,
546,544,545,
538,547,539,
544,547,538,
548,517,539,
548,539,547,
548,518,517,
549,518,548,
548,547,550,
547,544,550,
548,550,549,
546,551,544,
552,551,546,
549,553,518,
554,518,553,
554,553,555,
556,554,555,
557,556,555,
558,556,557,
555,559,557,
560,555,553,
559,555,560,
560,553,549,
559,560,561,
549,561,560,
559,561,562,
561,563,562,
564,563,561,
564,561,549,
564,565,563,
566,564,549,
550,566,549,
565,564,567,
568,565,567,
564,566,569,
564,569,567,
567,570,568,
569,570,567,
570,571,568,
570,572,571,
573,572,570,
569,573,570,
573,574,572,
575,569,566,
575,573,569,
550,575,566,
575,574,573,
550,576,575,
576,574,575,
550,544,576,
544,551,576,
551,574,576,
574,551,577,
577,551,552,
577,552,578,
578,552,579,
580,581,582,
581,583,582,
581,584,583,
585,584,581,
585,581,586,
581,587,586,
588,589,590,
588,590,591,
590,592,591,
593,588,591,
592,593,591,
594,588,593,
592,595,593,
592,596,595,
597,594,593,
593,595,597,
597,598,594,
599,598,597,
600,599,597,
595,601,597,
600,597,601,
602,599,600,
602,603,599,
602,600,604,
600,601,604,
602,605,603,
605,602,604,
605,606,603,
605,607,606,
608,606,607,
608,607,609,
605,604,610,
610,607,605,
607,611,609,
610,611,607,
611,612,609,
613,611,610,
604,601,614,
614,615,604,
616,615,614,
613,615,616,
601,617,614,
616,614,617,
595,617,601,
618,612,611,
618,611,613,
618,619,612,
618,613,619,
619,613,616,
619,620,612,
620,619,621,
619,616,621,
622,621,616,
620,621,623,
622,623,621,
622,624,623,
595,625,617,
596,625,595,
596,626,625,
627,616,617,
617,625,627,
627,622,616,
627,625,628,
628,625,626,
622,627,628,
629,624,622,
629,630,624,
631,626,596,
596,632,631,
631,632,633,
632,634,633,
634,635,633,
634,636,635,
637,633,635,
633,638,631,
633,637,638,
631,638,626,
638,637,639,
638,639,640,
640,626,638,
641,640,639,
641,642,640,
640,642,626,
643,642,641,
642,644,626,
644,628,626,
642,643,645,
644,642,645,
643,646,645,
647,645,646,
648,647,646,
649,647,648,
644,645,650,
647,650,645,
649,651,647,
651,650,647,
652,651,649,
650,653,644,
651,653,650,
653,628,644,
652,653,651,
654,628,653,
652,654,653,
622,628,654,
629,622,654,
652,629,654,
629,652,655,
629,655,630,
630,655,656,
630,656,657,
658,659,660,
658,661,659,
661,662,659,
658,663,661,
658,664,663,
665,661,663,
666,667,668,
669,666,668,
669,668,670,
671,669,670,
671,672,669,
673,672,671,
674,671,670,
674,670,675,
674,675,676,
676,675,677,
676,677,678,
678,677,679,
673,671,680,
680,681,673,
680,682,681,
680,683,682,
673,681,684,
673,684,685,
685,684,686,
685,686,687,
684,681,688,
684,688,686,
689,682,683,
689,683,690,
689,690,691,
692,681,682,
692,688,681,
686,688,693,
686,693,687,
689,694,682,
692,682,694,
695,689,691,
689,695,694,
695,691,696,
695,696,697,
695,697,698,
694,695,698,
694,698,699,
694,699,692,
688,692,699,
688,699,693,
693,699,700,
687,693,700,
701,687,700,
701,702,687,
703,702,701,
704,705,706,
706,707,704,
706,708,707,
709,707,708,
709,708,710,
711,709,710,
711,710,712,
713,714,715,
713,716,714,
717,716,713,
714,716,718,
719,720,721,
719,722,720,
720,722,723,
720,723,724,
724,723,725,
726,727,728,
727,729,728,
727,730,729,
730,731,729,
732,733,734,
732,735,733,
735,736,733,
735,737,736,
736,737,738,
736,738,739,
739,738,740,
741,742,743,
742,744,743,
742,745,744,
744,745,746,
744,746,747,
746,748,747,
749,750,751,
750,752,751,
750,753,752,
753,754,752,
753,755,754,
756,757,758,
759,757,756,
759,760,757,
761,760,759,
761,762,760,
762,761,763,
762,763,764,
765,766,767,
766,768,767,
766,769,768,
769,770,768,
769,771,770,
770,771,772,
770,772,773,
774,775,776,
774,776,777,
778,779,780,
778,781,779,
782,781,778,
782,778,783,
784,785,786,
787,785,784,
787,784,788,
789,790,791,
789,791,792,
793,791,792,
793,794,791,
794,793,795,
794,795,796,
795,797,796,
798,797,795,
795,793,799,
799,793,800,
799,800,801,
798,795,802,
799,802,795,
802,803,798,
799,804,802,
802,805,803,
805,806,803,
805,807,806,
802,807,805,
802,804,807,
808,807,804,
808,804,809,
808,809,810,
808,810,811,
809,812,810,
813,811,810,
810,812,814,
813,810,815,
816,813,815,
810,814,817,
817,814,818,
817,818,819,
819,818,820,
821,822,823,
824,821,823,
824,823,825,
826,824,825,
825,823,827,
828,827,823,
828,829,827,
828,830,829,
831,825,827,
826,825,831,
831,832,826,
833,832,831,
833,831,834,
835,833,834,
835,834,836,
837,838,839,
840,839,838,
840,838,841,
841,842,840,
841,843,842,
843,844,842,
843,845,844,
846,847,848,
849,847,846,
849,850,847,
849,846,851,
852,853,854,
852,854,855,
852,855,856,
852,856,857,
857,856,858,
859,860,861,
862,859,861,
862,861,863,
864,862,863,
865,866,867,
865,867,868,
869,865,868,
869,868,870,
869,870,871,
869,871,872,
872,871,873,
874,875,876,
877,874,876,
877,876,878,
877,878,879,
877,879,880,
881,880,879,
882,883,884,
885,882,884,
885,884,886,
887,885,886,
887,886,888,
889,890,891,
892,890,889,
892,893,890,
894,893,892,
894,895,893,
895,894,896,
895,896,897,
898,899,900,
901,898,900,
901,900,902,
903,901,902,
903,902,904,
903,904,905,
903,905,906,
907,908,909,
907,909,910,
911,912,913,
911,914,912,
911,915,914,
911,916,915,
917,918,919,
917,920,918,
917,921,920,
922,923,924,
922,924,925,
926,927,928,
929,926,928,
929,928,930,
931,929,930,
932,933,934,
932,934,935,
936,932,935,
936,935,937,
937,935,934,
937,934,938,
938,934,939,
940,941,942,
943,940,942,
943,944,940,
945,944,943,
946,947,948,
946,949,947,
949,950,947,
949,951,950,
952,950,951,
952,951,953,
954,952,953,
954,953,955,
956,957,958,
956,959,957,
959,960,957,
959,961,960,
962,960,961,
962,961,963,
964,962,963,
964,963,965,
966,967,968,
966,968,969,
970,971,972,
970,972,973,
974,975,976,
975,977,976,
975,978,977,
978,979,977,
980,981,982,
983,981,980,
984,983,980,
983,985,981,
984,986,983,
983,987,985,
986,987,983,
988,989,990,
991,990,989,
991,992,990,
991,993,992,
994,995,996,
994,996,997,
998,994,997,
998,997,999,
999,1000,998,
999,1001,1000,
1001,1002,1000,
1001,1003,1002,
1004,1005,1006,
1004,1006,1007,
1008,1004,1007,
1008,1007,1009,
1009,1010,1008,
1009,1011,1010,
1011,1012,1010,
1011,1013,1012,
1014,1015,1016,
1014,1016,1017,
1018,1019,1020,
1018,1020,1021,
1022,1023,1024,
1022,1025,1023,
1023,1025,1026,
1022,1027,1025,
1025,1027,1026,
1028,1027,1022,
1027,1029,1026,
1029,1030,1026,
1031,1030,1029,
1029,1032,1031,
1033,1030,1031,
1031,1032,1034,
1035,1033,1031,
1034,1035,1031,
1036,1035,1034,
1036,1037,1035,
1036,1038,1037,
1037,1038,1039,
1039,1038,1040,
1040,1038,1041,
1041,1038,1036,
1041,1036,1042,
1043,1044,1045,
1043,1045,1046,
1046,1047,1043,
1046,1045,1048,
1049,1047,1046,
1050,1047,1049,
1046,1048,1051,
1051,1049,1046,
1051,1048,1052,
1053,1050,1049,
1053,1054,1050,
1053,1055,1054,
1053,1056,1055,
1055,1056,1057,
1058,1056,1053,
1059,1058,1053,
1059,1053,1049,
1060,1058,1059,
1051,1061,1049,
1061,1059,1049,
1051,1052,1062,
1062,1052,1063,
1052,1064,1063,
1063,1064,1065,
1062,1066,1051,
1051,1066,1061,
1063,1066,1062,
1060,1059,1067,
1061,1068,1059,
1067,1059,1068,
1069,1060,1067,
1069,1070,1060,
1071,1070,1069,
1072,1068,1061,
1061,1066,1072,
1073,1067,1068,
1068,1072,1073,
1073,1069,1067,
1072,1066,1074,
1073,1072,1074,
1073,1075,1069,
1074,1075,1073,
1069,1076,1071,
1075,1076,1069,
1071,1076,1077,
1077,1076,1075,
1078,1071,1077,
1079,1078,1077,
1080,1079,1077,
1077,1081,1080,
1077,1075,1081,
1080,1081,1082,
1081,1083,1082,
1081,1075,1084,
1081,1084,1083,
1084,1075,1074,
1084,1085,1083,
1086,1084,1074,
1084,1086,1085,
1086,1074,1087,
1066,1087,1074,
1063,1087,1066,
1063,1086,1087,
1085,1086,1088,
1063,1088,1086,
1089,1085,1088,
1063,1065,1088,
1088,1065,1089,
1089,1065,1090,
1091,1092,1093,
1092,1094,1093,
1094,1095,1093,
1095,1094,1096,
1095,1096,1097,
1095,1097,1098,
1097,1099,1098,
1098,1099,1100,
1100,1099,1101,
1102,1100,1101,
1101,1103,1102,
1102,1103,1104,
1105,1106,1107,
1105,1107,1108,
1108,1107,1109,
1108,1109,1110,
1108,1110,1111,
1105,1108,1111,
1112,1105,1111,
1113,1112,1111,
1113,1114,1112,
1113,1115,1114,
1116,1112,1114,
1115,1117,1114,
1116,1114,1118,
1117,1118,1114,
1119,1118,1117,
1119,1120,1118,
1121,1120,1119,
1121,1119,1122,
1121,1122,1123,
1121,1123,1124,
1121,1124,1120,
1120,1124,1125,
1126,1127,1128,
1129,1126,1128,
1130,1129,1128,
1129,1130,1131,
1131,1130,1132,
1131,1132,1133,
1134,1133,1132,
1134,1132,1135,
1134,1135,1136,
1135,1137,1136,
1138,1136,1137,
1138,1137,1139,
1140,1141,1142,
1140,1143,1141,
1144,1143,1140,
1145,1141,1143,
1144,1146,1143,
1144,1147,1146,
1147,1148,1146,
1149,1148,1147,
1149,1150,1148,
1151,1150,1149,
1152,1146,1148,
1152,1148,1150,
1143,1146,1153,
1153,1146,1152,
1154,1145,1143,
1143,1153,1154,
1154,1155,1145,
1155,1154,1153,
1145,1155,1156,
1151,1157,1150,
1158,1157,1151,
1158,1159,1157,
1160,1157,1159,
1161,1150,1157,
1152,1150,1161,
1160,1162,1157,
1161,1157,1162,
1160,1163,1162,
1164,1162,1163,
1153,1152,1165,
1155,1153,1165,
1155,1166,1156,
1156,1166,1167,
1166,1168,1167,
1164,1169,1162,
1170,1169,1164,
1171,1166,1155,
1171,1155,1165,
1166,1172,1168,
1171,1172,1166,
1173,1168,1172,
1174,1173,1172,
1175,1174,1172,
1176,1169,1170,
1176,1170,1177,
1176,1178,1169,
1169,1179,1162,
1178,1179,1169,
1179,1161,1162,
1178,1180,1179,
1181,1175,1172,
1181,1172,1171,
1181,1182,1175,
1181,1171,1182,
1183,1175,1182,
1183,1182,1180,
1179,1180,1184,
1180,1182,1184,
1171,1185,1182,
1182,1185,1184,
1171,1165,1185,
1179,1184,1186,
1186,1161,1179,
1184,1185,1186,
1187,1185,1165,
1187,1186,1185,
1186,1187,1161,
1152,1187,1165,
1152,1161,1187,
1188,1189,1190,
1188,1191,1189,
1192,1191,1188,
1193,1194,1195,
1195,1194,1196,
1195,1196,1197,
1195,1197,1198,
1199,1200,1201,
1202,1200,1199,
1202,1203,1200,
1204,1205,1206,
1204,1206,1207,
1207,1206,1208,
1208,1206,1209,
1210,1211,1212,
1212,1213,1210,
1213,1212,1214,
1214,1212,1215,
1215,1216,1214,
1217,1216,1215,
1218,1216,1217,
1219,1216,1218,
1219,1218,1220,
1218,1221,1220,
1222,1220,1221,
1223,1220,1222,
1224,1225,1226,
1227,1226,1225,
1226,1227,1228,
1226,1228,1229,
1230,1229,1228,
1230,1231,1229,
1230,1232,1231,
1230,1233,1232,
1232,1233,1234,
1235,1232,1234,
1234,1236,1235,
1234,1237,1236,
1238,1239,1240,
1241,1239,1238,
1238,1242,1241,
1243,1244,1245,
1246,1244,1243,
1247,1246,1243,
1243,1248,1247,
1247,1248,1249,
1247,1249,1250,
1247,1250,1251,
1249,1252,1250,
1249,1248,1253,
1253,1248,1254,
1249,1255,1252,
1255,1256,1252,
1255,1257,1256,
1253,1258,1249,
1249,1258,1255,
1255,1259,1257,
1255,1258,1260,
1260,1259,1255,
1258,1261,1260,
1258,1262,1261,
1253,1262,1258,
1263,1262,1253,
1264,1259,1260,
1253,1265,1263,
1254,1265,1253,
1265,1266,1263,
1254,1267,1265,
1254,1268,1267,
1257,1259,1269,
1269,1270,1257,
1269,1271,1270,
1272,1271,1269,
1259,1273,1269,
1264,1274,1259,
1259,1274,1273,
1275,1274,1264,
1273,1274,1275,
1275,1264,1276,
1273,1275,1277,
1278,1279,1280,
1279,1281,1280,
1282,1281,1279,
1283,1281,1282,
1284,1283,1282,
1284,1282,1285,
1284,1285,1286,
1284,1286,1287,
1288,1289,1290,
1291,1289,1288,
1292,1293,1294,
1294,1295,1292,
1296,1297,1298,
1298,1297,1299,
1300,1301,1302,
1300,1303,1301,
1304,1303,1300,
1304,1300,1305,
1306,1307,1308,
1306,1308,1309,
1310,1311,1312,
1310,1313,1311,
1314,1311,1313,
1315,1316,1317,
1315,1318,1316,
1318,1319,1316,
1320,1316,1319,
1320,1319,1321,
1321,1319,1322,
1321,1322,1323,
1320,1321,1324,
1320,1324,1325,
1326,1321,1323,
1326,1323,1327,
1328,1324,1321,
1328,1321,1326,
1329,1325,1324,
1330,1325,1329,
1330,1329,1331,
1329,1324,1332,
1333,1329,1332,
1334,1332,1324,
1334,1324,1328,
1334,1328,1335,
1335,1328,1336,
1328,1326,1336,
1337,1326,1327,
1337,1327,1338,
1339,1336,1326,
1339,1326,1337,
1340,1336,1339,
1340,1341,1336,
1340,1342,1341,
1340,1343,1342,
1340,1344,1343,
1340,1345,1344,
1340,1346,1345,
1340,1339,1346,
1339,1337,1346,
1347,1346,1337,
1348,1346,1347,
1348,1349,1346,
1350,1351,1352,
1353,1350,1352,
1353,1354,1350,
1353,1355,1354,
1355,1356,1354,
1355,1357,1356,
1356,1357,1358,
1356,1358,1359,
1360,1361,1362,
1360,1363,1361,
1364,1365,1366,
1367,1366,1365,
1368,1369,1370,
1368,1370,1371,
1372,1373,1374,
1372,1375,1373,
1372,1376,1375,
1372,1377,1376,
1378,1379,1380,
1378,1380,1381,
1382,1383,1384,
1385,1383,1382,
1385,1386,1383,
1387,1386,1385,
1387,1385,1388,
1389,1387,1388,
1390,1386,1387,
1390,1391,1386,
1390,1392,1391,
1392,1393,1391,
1392,1394,1393,
1394,1395,1393,
1389,1396,1387,
1396,1389,1397,
1396,1397,1398,
1396,1398,1399,
1389,1400,1397,
1389,1401,1400,
1401,1402,1400,
1401,1403,1402,
1400,1404,1397,
1400,1402,1404,
1405,1398,1397,
1405,1397,1404,
1406,1399,1398,
1406,1407,1399,
1406,1408,1407,
1402,1409,1404,
1402,1403,1409,
1404,1410,1405,
1404,1409,1410,
1405,1411,1398,
1406,1398,1411,
1411,1405,1410,
1409,1412,1410,
1403,1412,1409,
1413,1412,1403,
1413,1403,1414,
1415,1413,1414,
1411,1410,1416,
1417,1408,1406,
1406,1411,1417,
1411,1416,1417,
1417,1418,1408,
1417,1416,1419,
1417,1419,1418,
1420,1421,1422,
1421,1420,1423,
1421,1423,1424,
1425,1424,1423,
1425,1426,1424,
1427,1426,1425,
1427,1428,1426,
1429,1430,1431,
1429,1431,1432,
1433,1429,1432,
1431,1434,1432,
1435,1436,1437,
1437,1436,1438,
1437,1438,1439,
1439,1438,1440,
1439,1440,1441,
1442,1443,1444,
1445,1442,1444,
1445,1444,1446,
1447,1445,1446,
1447,1446,1448,
1448,1449,1447,
1448,1450,1449,
1451,1452,1453,
1453,1452,1454,
1453,1454,1455,
1455,1454,1456,
1455,1456,1457,
1456,1458,1457,
1456,1459,1458,
1460,1461,1462,
1460,1462,1463,
1464,1465,1466,
1464,1466,1467,
1468,1464,1467,
1468,1469,1464,
1470,1471,1472,
1473,1470,1472,
1473,1474,1470,
1475,1476,1477,
1475,1478,1476,
1479,1478,1476,
1479,1476,1480,
1480,1481,1479,
1480,1482,1481,
1481,1482,1483,
1484,1481,1483,
1481,1485,1479,
1485,1486,1479,
1485,1487,1486,
1484,1488,1481,
1485,1481,1488,
1488,1484,1489,
1485,1488,1490,
1488,1489,1491,
1491,1489,1492,
1491,1492,1493,
1488,1491,1493,
1488,1493,1490,
1494,1490,1493,
1494,1495,1490,
1494,1496,1495,
1494,1497,1496,
1495,1496,1498,
1499,1496,1497,
1496,1500,1498,
1499,1501,1496,
1502,1501,1499,
1496,1503,1500,
1503,1504,1500,
1503,1505,1504,
1505,1506,1504,
1507,1508,1509,
1510,1508,1507,
1510,1511,1508,
1512,1511,1510,
1511,1513,1508,
1514,1508,1513,
1514,1513,1515,
1514,1515,1516,
1517,1513,1511,
1512,1517,1511,
1517,1512,1518,
1519,1517,1518,
1519,1520,1517,
1521,1520,1519,
1521,1522,1520,
1523,1524,1525,
1526,1525,1524,
1526,1527,1525,
1527,1526,1528,
1527,1528,1529,
1529,1528,1530,
1529,1530,1531,
1532,1533,1534,
1535,1532,1534,
1535,1534,1536,
1535,1537,1532,
1538,1539,1540,
1541,1539,1538,
1541,1542,1539,
1543,1542,1541,
1543,1544,1542,
1545,1546,1547,
1548,1545,1547,
1548,1547,1549,
1550,1548,1549,
1550,1549,1551,
1551,1552,1550,
1551,1553,1552,
1554,1555,1556,
1557,1555,1554,
1557,1558,1555,
1559,1558,1557,
1559,1560,1558,
1559,1561,1560,
1559,1562,1561,
1563,1564,1565,
1563,1565,1566,
1567,1568,1569,
1567,1569,1570,
1567,1570,1571,
1567,1571,1572,
1573,1574,1575,
1573,1575,1576,
1573,1576,1577,
1578,1579,1580,
1578,1580,1581,
1582,1583,1584,
1583,1585,1584,
1583,1586,1585,
1584,1585,1587,
1584,1587,1588,
1585,1589,1587,
1586,1589,1585,
1587,1589,1590,
1589,1586,1591,
1586,1592,1591,
1591,1592,1593,
1591,1593,1594,
1595,1596,1597,
1596,1598,1597,
1596,1599,1598,
1597,1598,1600,
1601,1597,1600,
1601,1600,1602,
1600,1603,1602,
1603,1604,1602,
1598,1605,1600,
1603,1600,1605,
1598,1599,1606,
1605,1598,1606,
1599,1607,1606,
1607,1605,1606,
1599,1608,1607,
1609,1603,1605,
1610,1603,1609,
1605,1611,1609,
1611,1605,1607,
1607,1608,1612,
1611,1607,1612,
1608,1613,1612,
1613,1611,1612,
1614,1615,1616,
1614,1617,1615,
1617,1618,1615,
1617,1619,1618,
1617,1614,1620,
1619,1617,1620,
1620,1614,1621,
1619,1620,1622,
1623,1624,1625,
1623,1626,1624,
1626,1627,1624,
1628,1626,1623,
1628,1623,1629,
1630,1628,1629,
1631,1628,1630,
1632,1631,1630,
1628,1633,1626,
1628,1631,1633,
1634,1627,1626,
1634,1626,1633,
1634,1635,1627,
1634,1633,1635,
1635,1636,1627,
1631,1637,1633,
1638,1637,1631,
1637,1639,1633,
1635,1633,1639,
1640,1636,1635,
1640,1635,1639,
1640,1641,1636,
1640,1639,1641,
1642,1643,1644,
1642,1644,1645,
1642,1645,1646,
1645,1647,1646,
1648,1646,1647,
1649,1643,1642,
1649,1642,1646,
1650,1646,1648,
1650,1648,1651,
1649,1652,1643,
1652,1653,1643,
1649,1646,1654,
1654,1646,1650,
1649,1654,1655,
1649,1655,1652,
1652,1655,1656,
1652,1656,1657,
1652,1657,1653,
1658,1653,1657,
1658,1657,1659,
1657,1660,1659,
1661,1660,1657,
1661,1657,1656,
1662,1661,1656,
1654,1650,1663,
1654,1663,1655,
1664,1662,1656,
1664,1665,1662,
1666,1665,1664,
1666,1667,1665,
1668,1663,1650,
1668,1650,1651,
1663,1669,1655,
1669,1656,1655,
1664,1656,1670,
1664,1670,1666,
1663,1671,1669,
1668,1671,1663,
1669,1672,1656,
1670,1656,1672,
1669,1671,1672,
1668,1651,1673,
1668,1674,1671,
1668,1673,1674,
1671,1675,1672,
1671,1674,1675,
1673,1651,1676,
1677,1676,1651,
1677,1678,1676,
1673,1679,1674,
1673,1676,1679,
1680,1676,1678,
1679,1676,1680,
1681,1680,1678,
1681,1682,1680,
1679,1680,1682,
1679,1682,1683,
1679,1684,1674,
1679,1683,1684,
1684,1675,1674,
1683,1685,1684,
1686,1684,1685,
1686,1675,1684,
1686,1685,1687,
1686,1688,1675,
1686,1687,1688,
1689,1675,1688,
1689,1672,1675,
1670,1672,1689,
1690,1688,1687,
1690,1687,1691,
1689,1688,1692,
1670,1689,1692,
1690,1692,1688,
1693,1690,1691,
1693,1692,1690,
1670,1692,1694,
1670,1694,1666,
1695,1693,1691,
1696,1695,1691,
1692,1693,1697,
1692,1697,1694,
1697,1693,1695,
1666,1694,1698,
1698,1694,1697,
1696,1699,1695,
1696,1700,1699,
1697,1695,1701,
1698,1697,1701,
1695,1699,1701,
1666,1698,1702,
1698,1701,1702,
1702,1667,1666,
1703,1699,1700,
1703,1701,1699,
1703,1700,1704,
1705,1703,1704,
1702,1701,1706,
1702,1706,1667,
1701,1703,1706,
1707,1667,1706,
1705,1708,1703,
1703,1708,1706,
1708,1707,1706,
1705,1709,1708,
1708,1709,1707,
1710,1711,1712,
1712,1711,1713,
1713,1711,1714,
1715,1713,1714,
1714,1716,1715,
1710,1717,1711,
1711,1717,1714,
1714,1718,1716,
1716,1718,1719,
1720,1717,1710,
1721,1720,1710,
1714,1717,1722,
1714,1722,1718,
1722,1717,1723,
1723,1717,1720,
1723,1720,1724,
1724,1720,1725,
1725,1720,1721,
1721,1726,1725,
1725,1726,1727,
1728,1725,1727,
1728,1729,1725,
1725,1729,1724,
1729,1730,1724,
1718,1722,1731,
1731,1722,1723,
1730,1732,1724,
1733,1732,1730,
1733,1734,1732,
1735,1734,1733,
1731,1736,1718,
1718,1736,1719,
1737,1731,1723,
1724,1737,1723,
1724,1732,1738,
1738,1732,1734,
1739,1731,1737,
1739,1736,1731,
1740,1737,1724,
1724,1738,1740,
1739,1737,1740,
1719,1736,1741,
1742,1736,1739,
1741,1736,1742,
1743,1739,1740,
1742,1739,1743,
1719,1741,1744,
1744,1745,1719,
1746,1745,1744,
1747,1741,1742,
1744,1741,1747,
1744,1748,1746,
1744,1747,1748,
1748,1749,1746,
1750,1749,1748,
1748,1747,1750,
1750,1747,1751,
1752,1747,1742,
1751,1747,1752,
1743,1752,1742,
1753,1751,1752,
1752,1754,1753,
1743,1754,1752,
1753,1754,1755,
1756,1754,1743,
1755,1754,1756,
1743,1757,1756,
1740,1757,1743,
1740,1738,1757,
1756,1758,1755,
1755,1758,1759,
1756,1757,1760,
1757,1738,1760,
1760,1758,1756,
1758,1761,1759,
1760,1761,1758,
1760,1738,1762,
1762,1738,1734,
1761,1763,1759,
1763,1764,1759,
1761,1760,1765,
1765,1760,1762,
1761,1765,1763,
1762,1734,1766,
1762,1766,1765,
1767,1764,1763,
1768,1764,1767,
1767,1769,1768,
1763,1765,1770,
1765,1766,1770,
1767,1763,1770,
1766,1734,1771,
1770,1766,1771,
1735,1771,1734,
1767,1772,1769,
1770,1772,1767,
1772,1773,1769,
1774,1771,1735,
1770,1771,1774,
1772,1770,1774,
1735,1775,1774,
1776,1773,1772,
1776,1772,1774,
1775,1776,1774,
1777,1773,1776,
1777,1776,1775,
1778,1779,1780,
1781,1779,1778,
1778,1780,1782,
1783,1778,1782,
1780,1784,1782,
1781,1778,1785,
1785,1778,1783,
1781,1785,1786,
1786,1785,1787,
1785,1783,1787,
1782,1784,1788,
1783,1782,1788,
1788,1784,1789,
1789,1783,1788,
1789,1784,1790,
1791,1789,1790,
1789,1792,1783,
1791,1792,1789,
1783,1792,1793,
1793,1792,1791,
1783,1793,1794,
1793,1791,1795,
1794,1793,1796,
1796,1793,1795,
1797,1798,1799,
1799,1798,1800,
1801,1798,1797,
1800,1798,1802,
1801,1803,1798,
1801,1804,1803,
1802,1798,1805,
1805,1798,1803,
1806,1802,1805,
1806,1805,1807,
1804,1808,1803,
1805,1803,1808,
1807,1805,1808,
1804,1809,1808,
1807,1808,1810,
1811,1808,1809,
1811,1810,1808,
1812,1813,1814,
1812,1814,1815,
1812,1816,1813,
1812,1815,1817,
1818,1816,1812,
1819,1816,1818,
1812,1817,1820,
1812,1820,1818,
1817,1821,1820,
1820,1821,1822,
1823,1819,1818,
1818,1820,1823,
1820,1822,1823,
1824,1819,1823,
1823,1822,1825,
1823,1826,1824,
1825,1826,1823
